PLAYER
16  493.00  129.00  20.00  50.00  0.39  0.09  0.66  0.00
TARGET
16  912.00  383.00  20.00  50.00  1.00  0.00  0.00  1.00
WALLS
190.00  50.00  inf  501.00  24.00  0.50  0.50  0.50  0.00  6.28
140.00  50.00  inf  383.00  70.00  0.50  0.50  0.50  0.00  1.57
150.00  50.00  inf  622.00  260.00  0.50  0.50  0.50  0.00  4.71
160.00  50.00  inf  377.00  375.00  0.50  0.50  0.50  0.00  4.71
130.00  50.00  inf  618.00  472.00  0.50  0.50  0.50  0.00  0.00
210.00  50.00  inf  914.00  281.00  0.50  0.50  0.50  0.00  0.00
350.00  50.00  inf  715.00  133.00  1.00  0.00  0.00  1.00  0.79
400.00  50.00  inf  200.00  115.00  1.00  0.00  0.00  1.00  0.00
200.00  50.00  inf  460.00  472.00  1.00  0.00  0.00  1.00  0.00