PLAYER
16  59.00  217.00  20.00  50.00  0.39  0.09  0.66  0.00
TARGET
16  800.00  326.00  20.00  50.00  1.00  0.00  0.00  1.00
WALLS
210.00  40.00  inf  106.00  118.00  0.50  0.50  0.50  0.00  0.00
410.00  50.00  inf  461.00  437.00  0.50  0.50  0.50  0.00  0.00
650.00  100.00  inf  502.00  47.00  1.00  0.00  0.00  1.00  0.00
220.00  70.00  inf  480.00  289.00  1.00  0.00  0.00  1.00  4.71
230.00  20.00  inf  467.00  117.00  0.50  0.50  0.50  0.00  0.00
220.00  70.00  inf  480.00  289.00  1.00  0.00  0.00  1.00  4.71
410.00  50.00  inf  461.00  437.00  0.50  0.50  0.50  0.00  0.00
200.00  50.00  inf  758.00  224.00  0.50  0.50  0.50  0.00  0.00
