PLAYER
16  480.00  195.00  20.00  50.00  0.39  0.09  0.66  0.00
TARGET
16  772.00  344.00  20.00  50.00  1.00  0.00  0.00  1.00
WALLS
170.00  50.00  inf  496.00  110.00  0.50  0.50  0.50  0.00  0.00
160.00  80.00  inf  704.00  199.00  0.50  0.50  0.50  0.00  0.79
240.00  60.00  inf  502.00  284.00  1.00  0.00  0.00  1.00  2.36
190.00  70.00  inf  261.00  283.00  0.50  0.50  0.50  0.00  1.57
400.00  50.00  inf  491.00  482.00  0.50  0.50  0.50  0.00  0.00
100.00  50.00  inf  781.00  260.00  0.50  0.50  0.50  0.00  0.00
