PLAYER
16  135.00  408.00  20.00  50.00  0.39  0.09  0.66  0.00
TARGET
16  878.00  408.00  20.00  50.00  1.00  0.00  0.00  1.00
WALLS
280.00  50.00  inf  139.00  245.00  0.50  0.50  0.50  0.00  0.00
250.00  50.00  inf  874.00  241.00  0.50  0.50  0.50  0.00  0.00
260.00  50.00  inf  254.00  90.00  1.00  0.00  0.00  1.00  1.57
220.00  50.00  inf  774.00  105.00  1.00  0.00  0.00  1.00  1.57
490.00  50.00  inf  517.00  23.00  1.00  0.00  0.00  1.00  0.00
130.00  50.00  inf  513.00  440.00  0.50  0.50  0.50  0.00  0.00
