PLAYER
16  498.00  178.00  20.00  50.00  0.39  0.09  0.66  0.00
TARGET
16  493.00  378.00  20.00  50.00  1.00  0.00  0.00  1.00
WALLS
220.00  50.00  inf  493.00  57.00  0.50  0.50  0.50  0.00  0.00
220.00  50.00  inf  661.00  126.00  0.50  0.50  0.50  0.00  0.79
200.00  50.00  inf  731.00  287.00  0.50  0.50  0.50  0.00  1.57
200.00  50.00  inf  328.00  120.00  0.50  0.50  0.50  0.00  2.36
210.00  50.00  inf  265.00  277.00  0.50  0.50  0.50  0.00  1.57
120.00  50.00  inf  493.00  284.00  0.50  0.50  0.50  0.00  0.00
200.00  50.00  inf  328.00  434.00  0.50  0.50  0.50  0.00  0.79
180.00  50.00  inf  674.00  434.00  0.50  0.50  0.50  0.00  2.36
420.00  50.00  inf  808.00  57.00  1.00  0.00  0.00  1.00  0.00
410.00  50.00  inf  197.00  57.00  1.00  0.00  0.00  1.00  0.00
