PLAYER
16  125.00  404.00  20.00  50.00  0.39  0.09  0.66  0.00
TARGET
16  858.00  399.00  20.00  50.00  1.00  0.00  0.00  1.00
WALLS
1000.00  50.00  inf  502.00  27.00  0.50  0.50  0.50  W  0.00
270.00  50.00  inf  136.00  276.00  0.50  0.50  0.50  W  0.00
240.00  50.00  inf  246.00  162.00  0.50  0.50  0.50  W  1.57
350.00  30.00  inf  471.00  372.00  0.50  0.50  0.50  W  4.71
310.00  50.00  inf  851.00  283.00  0.50  0.50  0.50  W  0.00
210.00  50.00  inf  721.00  155.00  0.50  0.50  0.50  W  1.57
